TIME_SCALE=0.0001
k=0.1
MASS1=20
MASS2=0.00001
MASS3=22
W1=100
W2=0.00001
W3=100
TYPE1_COUNT=4
TYPE2_COUNT=2
TYPE3_COUNT=1
TAIL_CUTOFF=1
RENDER_GRAVITY_RADIUS=100
SHOW_GRAV=1